-18.143520 11.233740 0.274202
-18.094492 11.247531 0.274174
-18.045462 11.261321 0.274202
-17.996433 11.275112 0.274202
-17.947405 11.288903 0.274174
-17.898375 11.302693 0.274202
-17.849346 11.316484 0.274202
-17.800318 11.330276 0.274174
-17.751287 11.344066 0.274184
-17.702259 11.357856 0.274192
-17.653229 11.371647 0.274184
-17.604200 11.385437 0.274220
-17.555172 11.399229 0.274184
-17.506144 11.413019 0.274174
-17.457113 11.426809 0.274220
-17.408085 11.440601 0.274174
-17.359055 11.454391 0.274202
-17.310026 11.468183 0.274184
-17.260998 11.481973 0.274192
-17.211967 11.495764 0.274184
-17.162939 11.509554 0.274202
-17.113911 11.523345 0.274174
-17.064880 11.537135 0.274202
-17.015852 11.550926 0.274220
-16.966824 11.564718 0.274174
-16.917793 11.578508 0.274174
-16.868763 11.592299 0.274184
-16.819735 11.606089 0.274202
-16.770706 11.619880 0.274202
-16.721678 11.633671 0.274184
-16.672649 11.647461 0.274192
-16.623619 11.661252 0.274202
-16.574591 11.675043 0.274184
-16.525562 11.688833 0.274192
-16.476532 11.702624 0.274192
-16.427502 11.716415 0.274184
-16.378473 11.730206 0.274202
-16.329445 11.743997 0.274192
-16.280415 11.757788 0.274184
-16.231386 11.771578 0.274202
-16.182358 11.785369 0.274192
-16.133327 11.799160 0.274194
-16.084301 11.812950 0.274192
-16.035271 11.826741 0.274179
-15.986241 11.840531 0.274197
-15.937212 11.854322 0.274184
-15.888184 11.868113 0.274192
-15.839153 11.881904 0.274202
-15.790125 11.895695 0.274179
-15.741096 11.909485 0.274202
-15.692067 11.923276 0.274197
-15.643038 11.937067 0.274197
-15.594008 11.950858 0.274179
-15.544979 11.964648 0.274184
-15.495951 11.978438 0.274197
-15.446921 11.992229 0.274179
-15.397892 12.006020 0.274197
-15.348863 12.019811 0.274202
-15.299834 12.033602 -1.268464
-15.284421 11.984183 -1.268499
-15.269010 11.934765 -1.268470
-15.253596 11.885345 -1.268499
-15.238185 11.835927 -1.268470
-15.222772 11.786508 -1.268482
-15.207359 11.737089 -1.268487
-15.191947 11.687670 -1.268476
-15.176535 11.638252 -1.268487
-15.161122 11.588833 -1.268476
-15.145710 11.539415 -1.268475
-15.130297 11.489995 -1.268494
-15.114885 11.440578 -1.268470
-15.099472 11.391158 -1.268482
-15.084060 11.341740 -1.268487
-15.068647 11.292320 -1.268459
-15.053234 11.242903 -1.268505
-15.037823 11.193483 -1.268470
-15.022409 11.144064 -1.268499
-15.006998 11.094646 -1.268464
-14.991585 11.045227 -1.268487
-14.976172 10.995808 -1.268482
-14.960760 10.946389 -1.268464
-14.945347 10.896971 -1.268505
-14.929935 10.847551 -1.268459
-14.914522 10.798134 -1.268505
-14.899111 10.748714 -1.268464
-14.883698 10.699296 -1.268499
-14.868286 10.649878 -1.268470
-14.852873 10.600458 -1.268482
-14.837461 10.551040 -1.268487
-14.822048 10.501620 -1.268464
-14.806635 10.452202 -1.268482
-14.791223 10.402783 -1.268487
-14.775810 10.353364 -1.268482
-14.760398 10.303946 -1.268482
-14.744986 10.254527 -1.268482
-14.729573 10.205109 -1.268470
-14.714160 10.155689 -1.268499
-14.698749 10.106271 -1.268464
-14.683335 10.056852 -1.268505
-14.667924 10.007433 -1.268464
-14.652511 9.958014 -2.981818
-14.702802 9.949910 -2.981815
-14.753092 9.941806 -2.981818
-14.803383 9.933702 -2.981836
-14.853674 9.925598 -2.981818
-14.903965 9.917494 -2.981818
-14.954256 9.909389 -2.981818
-15.004547 9.901285 -2.981836
-15.054838 9.893182 -2.981799
-15.105129 9.885077 -2.981818
-15.155420 9.876972 -2.981812
-15.205709 9.868868 -2.981839
-15.256001 9.860765 -2.981836
-15.306293 9.852661 -2.981818
-15.356584 9.844557 -2.981796
-15.406874 9.836452 -2.981839
-15.457166 9.828348 -2.981815
-15.507456 9.820244 -2.981821
-15.557748 9.812140 -2.981815
-15.608038 9.804035 -2.981821
-15.658330 9.795931 -2.981833
-15.708620 9.787827 -2.981799
-15.758911 9.779722 -2.981818
-15.809202 9.771618 -2.981836
-15.859493 9.763515 -2.981818
-15.909784 9.755410 -2.981836
-15.960075 9.747307 -2.981812
-16.010365 9.739202 -2.981824
-16.060658 9.731098 -2.981812
-16.110947 9.722994 -2.981824
-16.161240 9.714890 -2.981812
-16.211529 9.706785 -2.981818
-16.261820 9.698681 -2.981818
-16.312111 9.690577 -2.981818
-16.362402 9.682472 -2.981836
-16.412693 9.674369 -2.981818
-16.462984 9.666265 -2.981818
-16.513275 9.658160 -2.981830
-16.563564 9.650057 -2.981824
-16.613857 9.641953 -2.981818
-16.664148 9.633848 -2.981818
-16.714439 9.625744 -2.981812
-16.764729 9.617640 -2.981818
-16.815020 9.609535 -2.981818
-16.865311 9.601431 -2.981818
-16.915602 9.593327 -2.981818
-16.965893 9.585222 -2.981818
-17.016184 9.577118 -2.981818
-17.066475 9.569014 -2.981836
-17.116766 9.560910 -2.981818
-17.167057 9.552806 -2.981818
-17.217348 9.544702 -2.981836
-17.267639 9.536598 -2.981812
-17.317928 9.528494 -2.981818
-17.368219 9.520390 -2.981818
-17.418510 9.512285 -2.981818
-17.468801 9.504181 -2.981836
-17.519093 9.496078 -2.981818
-17.569384 9.487973 -2.981818
-17.619675 9.479869 -2.981824
-17.669968 9.471765 -2.981812
-17.720257 9.463660 1.805535
-17.732351 9.514234 1.805464
-17.744442 9.564807 1.805531
-17.756536 9.615381 1.805495
-17.768629 9.665956 1.805535
-17.780724 9.716529 1.805500
-17.792816 9.767102 1.805495
-17.804909 9.817677 1.805535
-17.817003 9.868250 1.805464
-17.829094 9.918823 1.805567
-17.841190 9.969398 1.805500
-17.853283 10.019971 1.805495
-17.865376 10.070545 1.805500
-17.877468 10.121119 1.805535
-17.889563 10.171692 1.805500
-17.901655 10.222265 1.805527
-17.913750 10.272840 1.805504
-17.925842 10.323413 1.805495
-17.937935 10.373987 1.805500
-17.950027 10.424561 1.805535
-17.962122 10.475134 1.805495
-17.974215 10.525708 1.805535
-17.986309 10.576282 1.805495
-17.998402 10.626856 1.805500
-18.010494 10.677429 1.805500
-18.022587 10.728003 1.805531
-18.034681 10.778577 1.805500
-18.046774 10.829150 1.805535
-18.058868 10.879724 1.805495
-18.070961 10.930298 1.805500
-18.083054 10.980871 1.805495
-18.095146 11.031446 1.805535
-18.107241 11.082019 1.805531
-18.119335 11.132593 1.805464
-18.131426 11.183167 1.805535
EOP
-18.016888 11.241520 0.274188
-17.966707 11.255634 0.274206
-17.916527 11.269750 0.274188
-17.866346 11.283864 0.274188
-17.816166 11.297978 0.274188
-17.765985 11.312093 0.274206
-17.715805 11.326208 0.274188
-17.665625 11.340322 0.274188
-17.615444 11.354437 0.274198
-17.565266 11.368551 0.274188
-17.515085 11.382666 0.274188
-17.464905 11.396780 0.274188
-17.414724 11.410894 0.274206
-17.364544 11.425010 0.274188
-17.314363 11.439124 0.274206
-17.264183 11.453239 0.274188
-17.214003 11.467354 0.274188
-17.163822 11.481468 0.274178
-17.113640 11.495583 0.274198
-17.063461 11.509697 0.274188
-17.013281 11.523811 0.274188
-16.963100 11.537926 0.274188
-16.912920 11.552040 0.274188
-16.862740 11.566154 0.274178
-16.812557 11.580269 0.274216
-16.762379 11.594384 0.274178
-16.712196 11.608499 0.274198
-16.662018 11.622613 0.274206
-16.611837 11.636728 0.274188
-16.561657 11.650843 0.274188
-16.511477 11.664957 0.274188
-16.461296 11.679071 0.274188
-16.411116 11.693186 0.274206
-16.360935 11.707301 0.274171
-16.310755 11.721415 0.274188
-16.260574 11.735529 0.274196
-16.210392 11.749644 0.274198
-16.160213 11.763759 0.274206
-16.110033 11.777874 0.274188
-16.059853 11.791988 0.274188
-16.009672 11.806103 0.274188
-15.959492 11.820217 0.274188
-15.909311 11.834332 0.274188
-15.859131 11.848446 0.274188
-15.808950 11.862560 0.274188
-15.758770 11.876675 0.274206
-15.708590 11.890790 0.274188
-15.658409 11.904904 0.221594
-15.593445 11.919540 0.099545
-15.533326 11.925545 -0.047563
-15.478047 11.922914 -0.219776
-15.427615 11.911648 -0.411522
-15.382023 11.891749 -0.610874
-15.341274 11.863216 -0.802677
-15.305370 11.826050 -0.974850
-15.274309 11.780251 -1.121909
-15.248089 11.725816 -1.244032
-15.226714 11.662747 -1.296608
-15.212134 11.610912 -1.296608
-15.197555 11.559077 -1.296603
-15.182975 11.507243 -1.296603
-15.168395 11.455409 -1.296608
-15.153815 11.403574 -1.296591
-15.139235 11.351739 -1.296625
-15.124656 11.299904 -1.296581
-15.110075 11.248071 -1.296613
-15.095495 11.196235 -1.296608
-15.080915 11.144400 -1.296603
-15.066336 11.092566 -1.296603
-15.051756 11.040731 -1.296608
-15.037176 10.988896 -1.296608
-15.022596 10.937061 -1.296603
-15.008017 10.885227 -1.296586
-14.993436 10.833393 -1.296630
-14.978857 10.781557 -1.296586
-14.964276 10.729723 -1.296591
-14.949696 10.677888 -1.296620
-14.935117 10.626054 -1.296591
-14.920536 10.574219 -1.296608
-14.905956 10.522384 -1.296603
-14.891376 10.470550 -1.296603
-14.876797 10.418715 -1.296608
-14.862217 10.366880 -1.296608
-14.847637 10.315045 -1.371296
-14.835519 10.255110 -1.588515
-14.836336 10.208989 -1.927487
-14.848982 10.175053 -2.356052
-14.872355 10.151673 -2.728705
-14.905347 10.137220 -2.971014
-14.946859 10.130070 -3.111326
-14.995778 10.128589 3.095198
-15.051013 10.131153 3.059421
-15.111447 10.136130 3.052512
-15.175982 10.141894 3.068850
-15.243511 10.146815 3.106315
-15.312931 10.149265 -3.118124
-15.383137 10.147617 -3.036417
-15.453024 10.140240 -2.929641
-15.521488 10.125507 -2.867413
-15.572538 10.111149 -2.867386
-15.623587 10.096789 -2.867391
-15.674636 10.082430 -2.867408
-15.725685 10.068071 -2.867413
-15.776735 10.053713 -2.867386
-15.827784 10.039353 -2.867391
-15.878833 10.024994 -2.867413
-15.929883 10.010635 -2.867413
-15.980933 9.996277 -2.867381
-16.031981 9.981917 -2.867396
-16.083031 9.967558 -2.867413
-16.134081 9.953199 -2.867404
-16.185129 9.938841 -2.867396
-16.236179 9.924481 -2.867386
-16.287228 9.910122 -2.867413
-16.338278 9.895763 -2.867404
-16.389326 9.881405 -2.867413
-16.440376 9.867046 -2.867386
-16.491425 9.852687 -2.867396
-16.542475 9.838327 -2.867413
-16.593525 9.823969 -2.867386
-16.644573 9.809609 -2.867404
-16.695621 9.795251 -2.867396
-16.746672 9.780891 -2.867413
-16.797722 9.766533 -2.867386
-16.848770 9.752173 -2.867413
-16.899820 9.737815 -2.867386
-16.950869 9.723455 -2.867413
-17.001919 9.709097 -2.867404
-17.052967 9.694738 -2.867396
-17.104017 9.680379 -2.867396
-17.155067 9.666019 -2.867404
-17.206116 9.651661 -2.919979
-17.271078 9.637024 -3.042103
-17.331202 9.631022 3.094044
-17.386477 9.633653 2.921851
-17.436913 9.644917 2.730047
-17.482502 9.664816 2.530719
-17.523251 9.693349 2.338929
-17.559155 9.730515 2.166752
-17.590218 9.776316 2.019633
-17.616434 9.830750 1.897574
-17.637810 9.893818 1.844985
-17.652390 9.945653 1.844989
-17.666969 9.997487 1.844985
-17.681549 10.049322 1.844985
-17.696129 10.101157 1.844994
-17.710709 10.152990 1.845014
-17.725290 10.204826 1.844955
-17.739868 10.256660 1.844985
-17.754448 10.308496 1.844985
-17.769028 10.360331 1.845023
-17.783609 10.412165 1.844989
-17.798189 10.463999 1.844985
-17.812769 10.515834 1.844985
-17.827349 10.567669 1.792379
-17.841984 10.632632 1.670336
-17.847988 10.692754 1.523214
-17.845356 10.748030 1.351087
-17.834093 10.798465 1.159241
-17.814194 10.844055 0.959927
-17.785662 10.884803 0.768133
-17.748495 10.920708 0.595941
-17.702694 10.951770 0.448851
-17.648260 10.977987 0.326777
-17.585192 10.999363 0.274197
-17.534142 11.013722 0.274189
-17.483093 11.028081 0.274179
-17.432043 11.042439 0.274206
-17.380995 11.056799 0.274197
-17.329945 11.071158 0.274172
-17.278896 11.085516 0.274197
-17.227846 11.099875 0.274206
-17.176798 11.114235 0.274197
-17.125748 11.128594 0.274189
-17.074699 11.142953 0.274179
-17.023649 11.157311 0.274206
-16.972601 11.171671 0.274179
-16.921551 11.186029 0.274189
-16.870502 11.200388 0.274197
-16.819452 11.214747 0.274206
-16.768404 11.229107 0.274179
-16.717354 11.243465 0.274179
-16.666304 11.257824 0.274224
-16.615255 11.272184 0.274179
-16.564205 11.286543 0.274189
-16.513157 11.300901 0.274197
-16.462107 11.315261 0.274179
-16.411057 11.329619 0.274206
-16.360008 11.343979 0.274189
-16.308960 11.358337 0.274179
-16.257910 11.372696 0.274197
-16.206860 11.387055 0.274189
-16.155811 11.401414 0.274206
-16.104763 11.415773 0.274197
-16.053713 11.430133 0.274179
-16.002663 11.444491 0.274206
-15.951614 11.458851 0.274184
-15.900565 11.473209 0.221594
-15.835601 11.487845 0.099529
-15.775482 11.493849 -0.047563
-15.720203 11.491218 -0.219736
-15.669770 11.479954 -0.411540
-15.624178 11.460054 -0.610869
-15.583430 11.431522 -0.802663
-15.547525 11.394356 -0.974883
-15.516465 11.348555 -1.121917
-15.490246 11.294121 -1.244019
-15.468870 11.231052 -1.296610
-15.449917 11.163668 -1.296610
-15.430964 11.096283 -1.296601
-15.412009 11.028897 -1.296601
-15.393055 10.961512 -1.296610
-15.374102 10.894127 -1.349157
-15.359463 10.829164 -1.471332
-15.353463 10.769044 -1.618325
-15.356092 10.713765 -1.790586
-15.367359 10.663332 -1.982291
-15.387256 10.617741 -2.181681
-15.415789 10.576993 -2.373460
-15.452955 10.541088 -2.545665
-15.498756 10.510027 -2.692720
-15.553189 10.483809 -2.814815
-15.616258 10.462433 -2.867383
-15.668092 10.447852 -2.867409
-15.719928 10.433272 -2.867412
-15.771761 10.418694 -2.867409
-15.823597 10.404114 -2.867378
-15.875430 10.389533 -2.867409
-15.927266 10.374953 -2.867400
-15.979100 10.360373 -2.867404
-16.030935 10.345794 -2.867400
-16.082769 10.331214 -2.867383
-16.134604 10.316633 -2.867409
-16.186440 10.302053 -2.867417
-16.238274 10.287475 -2.867383
-16.290108 10.272894 -2.867400
-16.341942 10.258314 -2.867409
-16.393778 10.243734 -2.867400
-16.445612 10.229155 -2.867400
-16.497446 10.214575 -2.867409
-16.549282 10.199995 -2.867400
-16.601116 10.185415 -2.867400
-16.652950 10.170835 -2.867400
-16.704784 10.156256 -2.867392
-16.756620 10.141675 -2.867400
-16.808455 10.127095 -2.867417
-16.860289 10.112516 -2.867409
-16.912125 10.097937 -2.867383
-16.963959 10.083356 -2.919979
-17.028921 10.068719 -3.042087
-17.089045 10.062716 3.094028
-17.144321 10.065348 2.921843
-17.194756 10.076612 2.730065
-17.240345 10.096510 2.530735
-17.281094 10.125042 2.338903
-17.316998 10.162210 2.166762
-17.348061 10.208010 2.019662
-17.374279 10.262444 1.897574
-17.395655 10.325512 1.792383
-17.410290 10.390474 1.670366
-17.416296 10.450597 1.523214
-17.413664 10.505873 1.351050
-17.402399 10.556308 1.159241
-17.382500 10.601898 0.959907
-17.353966 10.642647 0.768120
-17.316799 10.678551 0.595975
-17.271000 10.709614 0.448851
-17.216566 10.735831 0.326777
-17.153498 10.757207 0.274189
-17.100300 10.772170 0.274197
-17.047100 10.787134 0.274189
-16.993902 10.802097 0.274197
-16.940702 10.817061 0.274189
-16.887505 10.832025 0.274197
-16.834305 10.846989 0.274180
-16.781105 10.861952 0.274189
-16.727907 10.876915 0.274206
-16.674709 10.891879 0.274197
-16.621510 10.906843 0.274189
-16.568312 10.921806 0.274180
-16.515112 10.936769 0.274189
-16.461914 10.951733 0.274197
-16.408714 10.966697 0.274206
-16.355516 10.981661 0.274180
-16.302317 10.996624 0.274189
-16.249119 11.011587 0.274197
-16.195919 11.026551 0.274189
-16.142721 11.041514 0.188565
-16.063646 11.056604 -0.008206
-15.995315 11.056044 -0.238954
-15.938394 11.042177 -0.505623
-15.893534 11.017342 -0.805619
-15.861400 10.983881 -1.129924
-15.842643 10.944129 -1.463276
-15.837926 10.900429 -1.787604
-15.847906 10.855120 -2.087571
-15.873240 10.810541 -2.354261
-15.914587 10.769033 -2.585023
-15.972605 10.732936 -2.781757
-16.047953 10.704589 -2.867413
-16.101152 10.689626 -2.867387
-16.154350 10.674662 -2.867413
-16.207550 10.659698 -2.867377
-16.260746 10.644734 -2.867413
-16.313946 10.629771 -2.867396
-16.367146 10.614807 -2.867403
-16.420343 10.599844 -2.867413
-16.473543 10.584881 -2.867403
-16.526741 10.569918 -2.867380
-16.579941 10.554953 -2.867403
-16.633139 10.539989 -2.867403
-16.686337 10.525026 -2.867413
-16.739536 10.510063 -2.867396
-16.792736 10.495099 -2.867403
-16.845934 10.480136 -2.867396
-16.899134 10.465172 -2.867387
-16.952332 10.450208 -2.867429
-17.005531 10.435246 -2.867387
EOP
