-11.349080 -9.012742 0.093287
-11.297584 -9.007924 0.093321
-11.246085 -9.003104 0.093306
-11.194589 -8.998285 0.093304
-11.143091 -8.993466 0.093304
-11.091594 -8.988647 0.093287
-11.040097 -8.983829 0.093324
-10.988601 -8.979010 0.093304
-10.937103 -8.974191 0.093304
-10.885606 -8.969372 0.093287
-10.834109 -8.964554 0.093304
-10.782612 -8.959735 0.093304
-10.731114 -8.954916 0.093306
-10.679618 -8.950097 0.093304
-10.628120 -8.945278 0.093322
-10.576623 -8.940458 0.093287
-10.525126 -8.935640 0.093304
-10.473629 -8.930821 0.093306
-10.422132 -8.926003 0.093302
-10.370634 -8.921184 0.093306
-10.319138 -8.916365 0.093306
-10.267641 -8.911546 0.093302
-10.216143 -8.906727 0.093306
-10.164646 -8.901908 0.093306
-10.113150 -8.897089 0.093286
-10.061652 -8.892271 0.093322
-10.010155 -8.887451 0.093287
-9.958658 -8.882633 0.093322
-9.907161 -8.877813 0.093286
-9.855663 -8.872995 0.093322
-9.804166 -8.868176 0.093306
-9.752669 -8.863357 0.093304
-9.701172 -8.858538 0.093286
-9.649674 -8.853720 0.093324
-9.598178 -8.848900 0.093287
-9.546681 -8.844082 0.093304
-9.495184 -8.839263 0.093304
-9.443686 -8.834444 0.093306
-9.392190 -8.829625 0.093304
-9.340693 -8.824806 0.093304
-9.289195 -8.819987 -1.321464
-9.276571 -8.869564 -1.321455
-9.263947 -8.919139 -1.321464
-9.251324 -8.968716 -1.321441
-9.238699 -9.018291 -1.321464
-9.226075 -9.067868 -1.321455
-9.213451 -9.117443 -1.321464
-9.200828 -9.167020 -1.321441
-9.188203 -9.216596 -1.321477
-9.175580 -9.266171 -1.321441
-9.162955 -9.315747 -1.321464
-9.150331 -9.365324 -1.321459
-9.137708 -9.414900 -1.321441
-9.125083 -9.464476 -1.321459
-9.112459 -9.514051 -1.321459
-9.099835 -9.563627 -1.321464
-9.087212 -9.613204 -1.321436
-9.074587 -9.662779 -1.321486
-9.061964 -9.712357 -1.321441
-9.049339 -9.761932 -1.321459
-9.036716 -9.811508 -1.321459
-9.024092 -9.861084 -1.321459
-9.011468 -9.910660 -1.321441
-8.998843 -9.960236 -1.321464
-8.986219 -10.009812 -1.321455
-8.973596 -10.059387 -1.321468
-8.960972 -10.108965 -1.321436
-8.948347 -10.158540 -1.321482
-8.935724 -10.208117 -1.321441
-8.923100 -10.257692 -1.321459
-8.910476 -10.307268 -1.321459
-8.897852 -10.356844 -1.321441
-8.885227 -10.406420 -1.321477
-8.872604 -10.455996 -1.321446
-8.859980 -10.505572 -1.321459
-8.847356 -10.555148 -1.321464
-8.834732 -10.604725 -1.321441
-8.822107 -10.654301 -1.321459
-8.809484 -10.703876 -1.321459
-8.796860 -10.753452 -1.321459
-8.784236 -10.803028 -1.321459
-8.771612 -10.852604 -1.321446
-8.758987 -10.902181 -1.321459
-8.746364 -10.951756 -1.321459
-8.733740 -11.001332 -1.321464
-8.721116 -11.050909 -1.321455
-8.708492 -11.100484 -1.321446
-8.695868 -11.150061 -1.321459
-8.683244 -11.199636 -1.321464
-8.670620 -11.249213 -1.321455
-8.657996 -11.298788 -1.321464
-8.645372 -11.348365 -1.321459
-8.632749 -11.397941 -1.321459
-8.620125 -11.447516 -1.321441
-8.607500 -11.497092 -1.321464
-8.594876 -11.546669 -1.321459
-8.582253 -11.596245 -1.321459
-8.569629 -11.645821 -1.321459
-8.557005 -11.695396 -1.321446
-8.544380 -11.744973 -1.321455
-8.531756 -11.794548 -1.321464
-8.519133 -11.844125 -1.321441
-8.506508 -11.893701 -1.321464
-8.493884 -11.943277 -1.321455
-8.481260 -11.992852 -1.321464
-8.468637 -12.042429 -2.959999
-8.519791 -12.051822 -2.959984
-8.570946 -12.061215 -2.959999
-8.622100 -12.070608 -2.960017
-8.673254 -12.080000 -2.959981
-8.724408 -12.089394 -2.959999
-8.775562 -12.098786 -2.959966
-8.826717 -12.108181 -2.959999
-8.877872 -12.117574 -2.960017
-8.929026 -12.126966 -2.959999
-8.980180 -12.136358 -2.959981
-9.031334 -12.145752 -2.960002
-9.082489 -12.155145 -2.959999
-9.133643 -12.164537 -2.959981
-9.184797 -12.173931 -2.959999
-9.235951 -12.183324 -2.959999
-9.287106 -12.192717 -2.959984
-9.338261 -12.202110 -2.959999
-9.389415 -12.211503 -2.959999
-9.440569 -12.220896 -2.959996
-9.491722 -12.230289 -2.960002
-9.542877 -12.239681 -2.959981
-9.594031 -12.249075 -2.960002
-9.645186 -12.258468 -2.959999
-9.696341 -12.267860 -2.959981
-9.747495 -12.277254 -2.959999
-9.798649 -12.286647 -2.960002
-9.849804 -12.296040 -2.959981
-9.900958 -12.305433 -2.959999
-9.952112 -12.314826 -2.959999
-10.003266 -12.324219 -2.959999
-10.054420 -12.333611 -2.960002
-10.105576 -12.343004 -2.959978
-10.156729 -12.352398 -2.960002
-10.207884 -12.361791 -2.959999
-10.259038 -12.371183 -2.959984
-10.310193 -12.380577 -2.959996
-10.361346 -12.389970 -2.959999
-10.412500 -12.399363 -2.960002
-10.463655 -12.408755 -2.959999
-10.514810 -12.418148 -2.959999
-10.565964 -12.427541 -2.959966
-10.617119 -12.436935 -2.960017
-10.668273 -12.446327 -2.959978
-10.719426 -12.455721 -2.960002
-10.770581 -12.465114 -2.960002
-10.821736 -12.474506 -2.959978
-10.872890 -12.483900 -2.960002
-10.924045 -12.493293 -2.959999
-10.975199 -12.502686 1.677524
-10.980618 -12.452106 1.677507
-10.986035 -12.401528 1.677541
-10.991455 -12.350948 1.677526
-10.996874 -12.300370 1.677505
-11.002292 -12.249791 1.677526
-11.007710 -12.199213 1.677524
-11.013129 -12.148634 1.677505
-11.018547 -12.098055 1.677524
-11.023966 -12.047476 1.677524
-11.029385 -11.996897 1.677505
-11.034802 -11.946318 1.677524
-11.040221 -11.895739 1.677524
-11.045640 -11.845160 1.677507
-11.051058 -11.794581 1.677522
-11.056477 -11.744001 1.677545
-11.061896 -11.693423 1.677505
-11.067314 -11.642844 1.677526
-11.072733 -11.592266 1.677524
-11.078152 -11.541687 1.677522
-11.083570 -11.491107 1.677526
-11.088989 -11.440529 1.677503
-11.094407 -11.389949 1.677507
-11.099825 -11.339371 1.677524
-11.105244 -11.288792 1.677524
-11.110662 -11.238213 1.677524
-11.116081 -11.187634 1.677526
-11.121500 -11.137055 1.677524
-11.126919 -11.086476 1.677524
-11.132338 -11.035897 1.677507
-11.137755 -10.985319 1.677524
-11.143174 -10.934740 1.677524
-11.148593 -10.884161 1.677524
-11.154012 -10.833582 1.677505
-11.159430 -10.783003 1.677524
-11.164848 -10.732424 1.677524
-11.170267 -10.681845 1.677526
-11.175686 -10.631267 1.677526
-11.181105 -10.580688 1.677522
-11.186523 -10.530108 1.677507
-11.191941 -10.479530 1.677524
-11.197360 -10.428951 1.677524
-11.202779 -10.378372 1.677505
-11.208197 -10.327793 1.677524
-11.213615 -10.277214 1.677524
-11.219034 -10.226635 1.677524
-11.224453 -10.176056 1.677526
-11.229872 -10.125478 1.677524
-11.235291 -10.074899 1.677524
-11.240709 -10.024320 1.677505
-11.246127 -9.973741 1.677526
-11.251546 -9.923162 1.677524
-11.256965 -9.872583 1.677505
-11.262383 -9.822004 1.677524
-11.267801 -9.771425 1.677524
-11.273220 -9.720846 1.677526
-11.278639 -9.670268 1.677524
-11.284058 -9.619689 1.677524
-11.289476 -9.569110 1.677505
-11.294894 -9.518531 1.677526
-11.300313 -9.467953 1.677524
-11.305732 -9.417374 1.677503
-11.311150 -9.366794 1.677526
-11.316568 -9.316216 1.677524
-11.321987 -9.265636 1.677505
-11.327405 -9.215057 1.677545
-11.332825 -9.164479 1.677522
-11.338243 -9.113899 1.677507
-11.343661 -9.063321 1.677524
EOP
-11.108526 -9.131366 -1.389207
-11.099162 -9.182365 -1.389204
-11.089798 -9.233364 -1.389168
-11.080432 -9.284363 -1.389207
-11.071068 -9.335362 -1.389204
-11.061704 -9.386361 -1.389211
-11.052340 -9.437362 -1.389186
-11.042974 -9.488360 -1.389186
-11.033609 -9.539359 -1.389207
-11.024245 -9.590359 -1.389204
-11.014881 -9.641357 -1.389189
-11.005516 -9.692357 -1.389207
-10.996152 -9.743357 -1.389186
-10.986787 -9.794355 -1.389225
-10.977424 -9.845355 -1.389189
-10.968059 -9.896355 -1.389204
-10.958694 -9.947353 -1.389186
-10.949329 -9.998352 -1.389189
-10.939964 -10.049352 -1.389225
-10.930601 -10.100351 -1.389186
-10.921236 -10.151350 -1.389186
-10.911871 -10.202349 -1.389207
-10.902507 -10.253348 -1.389189
-10.893142 -10.304348 -1.389207
-10.883778 -10.355348 -1.389183
-10.874413 -10.406345 -1.389229
-10.865049 -10.457346 -1.389186
-10.855684 -10.508345 -1.389186
-10.846319 -10.559343 -1.389225
-10.836956 -10.610343 -1.389189
-10.827591 -10.661343 -1.389186
-10.818226 -10.712341 -1.389207
-10.808862 -10.763341 -1.389204
-10.799498 -10.814340 -1.389189
-10.790133 -10.865339 -1.389204
-10.780768 -10.916338 -1.389189
-10.771403 -10.967338 -1.389207
-10.762039 -11.018337 -1.389186
-10.752674 -11.069336 -1.389204
-10.743310 -11.120335 -1.389207
-10.733946 -11.171334 -1.389189
-10.724581 -11.222334 -1.389204
-10.715217 -11.273333 -1.389189
-10.705852 -11.324332 -1.389207
-10.696487 -11.375332 -1.389204
-10.687123 -11.426331 -1.389189
-10.677758 -11.477330 -1.389207
-10.668394 -11.528330 -1.389186
-10.659029 -11.579329 -1.389204
-10.649665 -11.630327 -1.389204
-10.640301 -11.681326 -1.389189
-10.630936 -11.732326 -1.389207
-10.621572 -11.783325 -1.389186
-10.612206 -11.834324 -1.389207
-10.602842 -11.885324 -1.303575
-10.581585 -11.962971 -1.106799
-10.551005 -12.024076 -0.876071
-10.513498 -12.069086 -0.609330
-10.471453 -12.098431 -0.309458
-10.427263 -12.112559 0.014950
-10.383313 -12.111902 0.348285
-10.341997 -12.096901 0.672555
-10.305706 -12.067998 0.972600
-10.276831 -12.025627 1.239260
-10.257761 -11.970231 1.470013
-10.250886 -11.902246 1.666745
-10.258598 -11.822113 1.752383
-10.268012 -11.770843 1.752419
-10.277428 -11.719572 1.752386
-10.286841 -11.668303 1.752397
-10.296256 -11.617031 1.752383
-10.305670 -11.565761 1.752401
-10.315084 -11.514490 1.752401
-10.324499 -11.463220 1.752383
-10.333913 -11.411949 1.752422
-10.343328 -11.360680 1.752361
-10.352741 -11.309408 1.752404
-10.362156 -11.258139 1.752397
-10.371571 -11.206867 1.752383
-10.380984 -11.155597 1.752404
-10.390399 -11.104327 1.752401
-10.399814 -11.053057 1.752379
-10.409227 -11.001785 1.752401
-10.418642 -10.950515 1.752401
-10.428057 -10.899244 1.752365
-10.437469 -10.847974 1.752401
-10.446884 -10.796703 1.752401
-10.456299 -10.745433 1.752401
-10.465714 -10.694162 1.752401
-10.475128 -10.642892 1.752365
-10.484541 -10.591621 1.752401
-10.493956 -10.540351 1.752401
-10.503370 -10.489080 1.752401
-10.512785 -10.437810 1.752401
-10.522200 -10.386539 1.752383
-10.531613 -10.335269 1.752383
-10.541027 -10.283998 1.752401
-10.550442 -10.232728 1.752401
-10.559856 -10.181458 1.752383
-10.569270 -10.130187 1.752401
-10.578685 -10.078917 1.752383
-10.588099 -10.027646 1.752419
-10.597514 -9.976376 1.752383
-10.606928 -9.925105 1.752401
-10.616343 -9.873835 1.752383
-10.625756 -9.822564 1.752383
-10.635170 -9.771294 1.752419
-10.644586 -9.720023 1.752383
-10.653999 -9.668753 1.752383
-10.663413 -9.617482 1.752401
-10.672828 -9.566212 1.752401
-10.682242 -9.514941 1.752401
-10.691657 -9.463671 1.752383
-10.701071 -9.412400 1.666758
-10.708784 -9.332268 1.469986
-10.701907 -9.264282 1.239275
-10.682838 -9.208886 0.972585
-10.653962 -9.166515 0.672584
-10.617672 -9.137611 0.348252
-10.576357 -9.122612 0.014972
-10.532408 -9.121954 -0.309426
-10.488216 -9.136082 -0.609361
-10.446171 -9.165428 -0.876062
-10.408665 -9.210436 -1.106830
-10.378086 -9.271544 -1.303546
-10.356827 -9.349190 -1.389192
-10.347412 -9.400460 -1.389210
-10.337998 -9.451731 -1.389192
-10.328584 -9.503001 -1.389210
-10.319170 -9.554272 -1.389192
-10.309755 -9.605542 -1.389192
-10.300341 -9.656813 -1.389192
-10.290926 -9.708083 -1.389210
-10.281512 -9.759354 -1.389210
-10.272099 -9.810624 -1.389192
-10.262684 -9.861895 -1.389192
-10.253269 -9.913165 -1.389210
-10.243855 -9.964436 -1.389195
-10.234441 -10.015707 -1.389189
-10.225026 -10.066977 -1.389210
-10.215612 -10.118247 -1.389192
-10.206198 -10.169518 -1.389213
-10.196784 -10.220789 -1.389171
-10.187368 -10.272058 -1.389210
-10.177955 -10.323329 -1.389210
-10.168541 -10.374599 -1.389192
-10.159126 -10.425870 -1.389192
-10.149712 -10.477140 -1.389192
-10.140297 -10.528411 -1.389192
-10.130882 -10.579681 -1.389210
-10.121469 -10.630952 -1.389192
-10.112054 -10.682222 -1.389210
-10.102640 -10.733493 -1.389192
-10.093225 -10.784763 -1.389192
-10.083811 -10.836034 -1.389210
-10.074397 -10.887304 -1.389192
-10.064982 -10.938575 -1.389210
-10.055569 -10.989845 -1.389192
-10.046154 -11.041116 -1.389192
-10.036739 -11.092386 -1.389210
-10.027326 -11.143657 -1.389192
-10.017911 -11.194927 -1.389210
-10.008497 -11.246198 -1.389192
-9.999083 -11.297468 -1.389192
-9.989668 -11.348739 -1.389210
-9.980254 -11.400009 -1.389189
-9.970840 -11.451279 -1.389213
-9.961426 -11.502550 -1.389174
-9.952010 -11.553821 -1.389210
-9.942596 -11.605091 -1.389192
-9.933182 -11.656362 -1.389210
-9.923768 -11.707632 -1.389192
-9.914353 -11.758903 -1.303560
-9.893095 -11.836549 -1.106799
-9.862515 -11.897655 -0.876073
-9.825009 -11.942663 -0.609376
-9.782964 -11.972011 -0.309452
-9.738773 -11.986139 0.014971
-9.694823 -11.985481 0.348245
-9.653507 -11.970482 0.672571
-9.617216 -11.941578 0.972611
-9.588341 -11.899206 1.239245
-9.569270 -11.843810 1.470026
-9.562396 -11.775826 1.666745
-9.570108 -11.695692 1.752401
-9.579523 -11.644422 1.752383
-9.588937 -11.593151 1.752401
-9.598351 -11.541881 1.752401
-9.607766 -11.490610 1.752383
-9.617180 -11.439340 1.752401
-9.626595 -11.388069 1.752404
-9.636009 -11.336800 1.752379
-9.645423 -11.285528 1.752404
-9.654838 -11.234259 1.752397
-9.664252 -11.182987 1.752383
-9.673666 -11.131717 1.752401
-9.683081 -11.080446 1.752401
-9.692495 -11.029176 1.752383
-9.701909 -10.977905 1.752401
-9.711324 -10.926635 1.752383
-9.720737 -10.875364 1.752404
-9.730152 -10.824095 1.752379
-9.739566 -10.772823 1.752401
-9.748981 -10.721553 1.752383
-9.758394 -10.670282 1.752401
-9.767809 -10.619012 1.752401
-9.777224 -10.567741 1.752401
-9.786638 -10.516471 1.752401
-9.796053 -10.465200 1.752383
-9.805467 -10.413930 1.752383
-9.814880 -10.362659 1.752404
-9.824295 -10.311390 1.752397
-9.833710 -10.260118 1.752383
-9.843123 -10.208848 1.752401
-9.852538 -10.157578 1.752401
-9.861953 -10.106307 1.752383
-9.871367 -10.055037 1.752401
-9.880781 -10.003766 1.752401
-9.890196 -9.952496 1.752401
-9.899611 -9.901225 1.752383
-9.909024 -9.849955 1.752401
-9.918439 -9.798684 1.752383
-9.927853 -9.747414 1.752401
-9.937267 -9.696143 1.752383
-9.946681 -9.644873 1.752401
-9.956096 -9.593602 1.752401
-9.965510 -9.542332 1.752383
-9.974924 -9.491061 1.752401
-9.984339 -9.439791 1.752401
-9.993753 -9.388520 1.752383
-10.003167 -9.337250 1.752401
-10.012582 -9.285979 1.666758
-10.020295 -9.205847 1.470001
-10.013419 -9.137860 1.239255
-9.994349 -9.082465 0.972585
-9.965473 -9.040094 0.672584
-9.929183 -9.011190 0.348265
-9.887867 -8.996190 0.014928
-9.843918 -8.995534 -0.309387
-9.799726 -9.009660 -0.609376
-9.757681 -9.039007 -0.876062
-9.720175 -9.084015 -1.106824
-9.689596 -9.145123 -1.303549
-9.668337 -9.222769 -1.389192
-9.658922 -9.274039 -1.389192
-9.649508 -9.325310 -1.389228
-9.640095 -9.376580 -1.389195
-9.630680 -9.427852 -1.389189
-9.621265 -9.479121 -1.389192
-9.611851 -9.530392 -1.389192
-9.602436 -9.581662 -1.389228
-9.593023 -9.632933 -1.389195
-9.583609 -9.684204 -1.389189
-9.574194 -9.735474 -1.389192
-9.564779 -9.786744 -1.389210
-9.555366 -9.838015 -1.389195
-9.545951 -9.889286 -1.389189
-9.536536 -9.940556 -1.389210
-9.527122 -9.991826 -1.389192
-9.517708 -10.043097 -1.389213
-9.508294 -10.094368 -1.389171
-9.498878 -10.145638 -1.389210
-9.489465 -10.196908 -1.389210
-9.480051 -10.248178 -1.389192
-9.470636 -10.299449 -1.389192
-9.461222 -10.350719 -1.389192
-9.451807 -10.401990 -1.389192
-9.442392 -10.453260 -1.389228
-9.432980 -10.504531 -1.389192
-9.423565 -10.555801 -1.389192
-9.414150 -10.607072 -1.389192
-9.404736 -10.658342 -1.389192
-9.395321 -10.709613 -1.389210
-9.385907 -10.760883 -1.389210
-9.376493 -10.812154 -1.389192
-9.367079 -10.863424 -1.389192
-9.357664 -10.914695 -1.389192
-9.348249 -10.965965 -1.389210
-9.338836 -11.017236 -1.389192
-9.329421 -11.068506 -1.389210
-9.320007 -11.119777 -1.389192
-9.310593 -11.171047 -1.389192
-9.301178 -11.222318 -1.389210
-9.291764 -11.273588 -1.389192
-9.282350 -11.324859 -1.389192
-9.272935 -11.376129 -1.389195
-9.263520 -11.427401 -1.389189
-9.254106 -11.478670 -1.389228
-9.244693 -11.529941 -1.389192
-9.235278 -11.581211 -1.389192
-9.225863 -11.632482 -1.303560
-9.204605 -11.710128 -1.106799
-9.174026 -11.771234 -0.876060
-9.136518 -11.816242 -0.609371
-9.094474 -11.845589 -0.309452
-9.050283 -11.859717 0.014950
-9.006333 -11.859060 0.348300
-8.965019 -11.844059 0.672542
-8.928727 -11.815156 0.972574
-8.899851 -11.772786 1.239265
-8.880781 -11.717389 1.470013
-8.873906 -11.649405 1.666745
-8.881618 -11.569271 1.752385
-8.890983 -11.518271 1.752407
-8.900348 -11.467273 1.752385
-8.909712 -11.416273 1.752389
-8.919076 -11.365274 1.752403
-8.928441 -11.314275 1.752385
-8.937805 -11.263275 1.752407
-8.947170 -11.212276 1.752385
-8.956534 -11.161277 1.752389
-8.965899 -11.110278 1.752403
-8.975264 -11.059278 1.752407
-8.984629 -11.008280 1.752389
-8.993993 -10.957281 1.752382
-9.003357 -10.906281 1.752410
-9.012722 -10.855283 1.752382
-9.022086 -10.804282 1.752392
-9.031450 -10.753284 1.752400
-9.040815 -10.702284 1.752389
-9.050179 -10.651285 1.752407
-9.059545 -10.600286 1.752382
-9.068909 -10.549286 1.752407
-9.078274 -10.498287 1.752389
-9.087638 -10.447289 1.752385
-9.097002 -10.396289 1.752407
-9.106367 -10.345290 1.752385
-9.115731 -10.294291 1.752407
-9.125096 -10.243292 1.752385
-9.134460 -10.192292 1.752385
-9.143825 -10.141293 1.752407
-9.153190 -10.090294 1.752389
-9.162554 -10.039295 1.752403
-9.171919 -9.988296 1.752385
-9.181283 -9.937296 1.752389
-9.190647 -9.886297 1.752403
-9.200012 -9.835298 1.752385
-9.209376 -9.784298 1.752389
-9.218740 -9.733299 1.752403
-9.228106 -9.682300 1.752389
-9.237470 -9.631301 1.752403
-9.246835 -9.580301 1.752389
-9.256199 -9.529303 1.752403
-9.265564 -9.478303 1.752385
-9.274928 -9.427303 1.752407
-9.284293 -9.376305 1.752389
-9.293657 -9.325306 1.752403
-9.303022 -9.274306 1.752385
-9.312387 -9.223307 1.752389
-9.321751 -9.172308 1.752403
-9.331116 -9.121308 1.752389
-9.340480 -9.070310 1.752403
-9.349845 -9.019310 1.752389
-9.359209 -8.968311 1.752403
-9.368574 -8.917312 1.752389
-9.377938 -8.866313 1.752385
EOP
-11.136719 -10.915800 -1.389207
-11.127355 -10.966800 -1.389186
-11.117990 -11.017798 -1.389207
-11.108625 -11.068798 -1.389186
-11.099260 -11.119797 -1.389207
-11.089896 -11.170796 -1.389204
-11.080532 -11.221795 -1.389207
-11.071168 -11.272795 -1.389186
-11.061803 -11.323793 -1.389189
-11.052438 -11.374793 -1.389204
-11.043074 -11.425792 -1.389189
-11.033709 -11.476791 -1.389225
-11.024345 -11.527791 -1.389186
-11.014980 -11.578790 -1.389189
-11.005615 -11.629789 -1.389204
-10.996251 -11.680788 -1.389207
-10.986887 -11.731788 -1.389189
-10.977522 -11.782787 -1.389186
-10.968157 -11.833786 -1.389204
-10.958793 -11.884785 -1.389207
-10.949429 -11.935784 -1.389189
-10.940063 -11.986784 -1.389222
-10.930700 -12.037783 -1.389189
-10.921335 -12.088782 -1.389207
-10.911971 -12.139782 -1.389183
-10.902606 -12.190780 -1.389189
-10.893241 -12.241779 -1.389207
EOP
